3 8 3134 11117 9201 6181 3121 9162 3008 86 
1 2 3121 9123 
1 6 6181 9115 9217 9165 98 9215 
3 4 86 3189 9195 94 
1 5 94 170 134 11096 9119 
3 8 94 6021 11175 155 11092 6094 9118 11159 
2 5 6052 9176 9078 2994 11159 
3 8 6189 81 160 3057 60 9082 3084 11159 
3 5 9308 164 2 11107 9131 
3 4 9131 11189 9207 6189 
3 7 6245 6022 85 150 11131 3085 6189 
3 4 6245 3215 9343 11349 
3 7 306 3247 6273 9399 3279 6303 11349 
3 3 3247 11353 11241 
2 6 9343 226 9333 110 11191 6154 
3 4 9308 9393 6215 6247 
3 4 6247 346 11338 378 
2 3 121 3220 346 
3 7 6245 344 3259 6283 9278 9356 378 
3 8 378 6316 11362 3290 9348 6290 6396 6262 
3 4 6262 6315 3250 3376 
3 5 378 9311 3202 3339 3387 
2 4 6262 6333 9330 11379 
2 4 11379 11314 3275 3387 
3 3 3387 330 3257 
3 6 3257 3302 275 11227 11381 11351 
3 4 11351 340 471 9422 
3 5 9422 3566 11512 9502 487 
2 5 9422 11436 11540 9448 413 
3 3 3504 6528 9502 
2 3 3431 9464 9502 
2 3 9422 6587 3465 
2 6 11351 396 232 3266 9324 6291 
1 3 6391 11309 6291 
2 5 533 11501 9540 6566 3431 
1 3 11375 9368 270 
1 6 9259 3282 3383 9325 6050 11375 
1 6 9258 11269 3317 11373 6337 392 
1 6 392 9338 6302 6226 6275 11225 
1 2 9299 6275 
1 8 12128 10299 6379 3330 3357 393 11348 11225 
1 8 11537 9526 11510 9462 1318 4351 7438 4294 
1 4 12128 12298 1210 4261 
3 6 4261 4383 12200 4311 4265 1278 
3 6 1278 291 6285 7431 7403 6278 
1 2 1278 1305 
2 3 1278 12117 10329 
2 4 7431 1380 10286 12216 
3 7 6278 6217 305 6297 3139 272 6124 
3 7 1380 12626 390 7346 9283 189 123 
2 6 6297 3027 370 6288 6162 9283 
3 8 9308 97 6077 6180 9136 9200 11075 73 
1 5 11075 23 196 9133 9210 
3 7 6124 9214 3146 9065 3167 3066 73 
1 3 3146 9114 45 
2 3 6191 9370 6124 
3 4 7431 6246 6368 9385 
3 7 9385 10301 3214 11496 9514 372 6338 
1 5 9299 11319 11273 11339 9514 
1 4 477 6514 615 13242 
1 2 13242 3618 
3 3 11241 9323 6249 
3 5 6249 6326 3219 6459 310 
1 3 9386 9353 207 
1 3 3151 149 79 
1 4 70 11059 11153 11150 
1 3 9098 11139 117 
1 3 79 6197 117 
2 4 3174 6381 496 3152 
2 3 9221 6178 6381 
2 4 11127 11057 6099 9221 
3 5 310 7482 11222 10323 9340 
2 3 9340 9240 9501 
1 3 9501 308 6381 
2 4 11222 3298 9485 9221 
2 3 9340 13258 6222 
2 4 7482 11358 9246 9438 
2 3 9438 9357 6296 
2 4 6296 3272 11312 3254 
2 4 3254 11386 9372 6375 
2 4 11312 3384 395 6332 
1 4 6296 9404 9295 3320 
2 4 6222 6342 3354 6314 
1 4 3254 400 11357 11301 
2 2 6413 3320 
2 5 3320 13281 9274 13280 13206 
1 4 11370 3267 13372 9341 
1 4 3378 342 13368 11322 
1 4 3203 3293 331 11313 
1 5 3392 3256 6306 13365 9304 
1 3 402 3521 6484 
3 8 9449 3492 558 457 302 328 356 3376 
3 2 558 3580 
2 4 9355 11214 11337 328 
2 3 413 6477 302 
2 4 11381 9367 6369 6398 
2 3 6398 3346 356 
3 4 3504 6494 11412 3469 
3 3 306 3210 11336 
3 4 11336 6243 3226 3335 
2 3 6243 352 3345 
1 3 6396 3308 382 
3 4 3335 3306 6386 6304 
3 3 6304 9260 3580 
3 6 3306 3364 238 6589 546 3568 
2 3 3364 343 11325 
2 4 11325 11229 9342 9288 
1 6 6354 11271 6233 11355 13266 9288 
1 3 6233 9247 11230 
2 4 3226 6252 6365 300 
2 3 3568 3480 11489 
2 4 3520 6565 9566 3225 
2 3 11489 9437 6605 
3 4 3520 11462 9413 6605 
3 3 9449 9556 418 
2 3 418 6554 9531 
2 5 9531 11487 523 9476 9461 
3 4 418 3531 11461 502 
3 3 502 3466 6474 
2 2 11461 11452 
2 4 3531 3508 6578 511 
3 3 9449 6481 3520 
3 6 9449 6517 11500 9489 473 3469 
3 3 6474 6776 6420 
3 4 6420 13272 13273 6783 
3 4 6420 9571 9729 6596 
2 3 6783 11559 9417 
2 4 9417 9430 6493 6474 
3 4 6783 6755 13362 3734 
2 5 3734 6768 9709 9726 11696 
2 3 6596 3767 11405 
2 2 11405 11437 
2 3 11437 6423 11561 
3 6 6605 559 6495 6478 3468 3452 
3 2 3452 488 
3 8 488 458 11438 11424 9451 6480 11464 476 
2 3 11464 9481 11514 
3 3 476 6429 3457 
3 3 3457 6509 13348 
3 3 13348 491 11479 
2 2 491 11411 
1 5 11691 11536 6431 6460 11411 
3 4 6596 3573 737 13340 
3 4 13340 574 11546 11703 
3 4 11703 9714 3757 9576 
3 3 9576 9423 476 
2 3 3452 3403 574 
2 3 6771 767 3573 
3 7 6771 9718 13275 9680 6741 11729 3734 
2 6 11670 13357 13289 13290 13298 13307 
1 2 13289 13277 
2 5 13307 13354 13338 13276 3686 
1 5 11668 3760 13359 3698 3720 
2 5 3092 9248 3168 312 3338 
2 5 3338 13415 13434 13440 13447 
2 3 13447 13455 13462 
2 5 13462 12530 13470 13308 13471 
2 5 13471 13472 13466 13468 13469 
1 2 13468 6040 
1 2 13455 6192 
2 5 13373 154 13399 13397 10579 
2 6 13434 13418 180 13391 11042 13380 
2 7 13380 87 13400 13311 6016 13403 13373 
2 4 10579 13396 7712 7898 
1 3 72 6166 11074 
