1 45 
1 70 
1 72 
1 73 
1 79 
1 86 
1 94 
1 99 
1 117 
1 121 
1 158 
1 207 
1 270 
1 300 
1 306 
1 310 
1 312 
1 378 
1 382 
1 392 
1 402 
1 406 
1 413 
1 418 
1 476 
1 477 
1 487 
1 488 
1 498 
1 499 
1 502 
1 504 
1 511 
1 523 
1 533 
1 1305 
1 3092 
1 3134 
1 3151 
1 3174 
1 3203 
1 3225 
1 3226 
1 3254 
1 3257 
1 3316 
1 3320 
1 3335 
1 3338 
1 3345 
1 3376 
1 3378 
1 3387 
1 3392 
1 3431 
1 3452 
1 3457 
1 3469 
1 3504 
1 3520 
1 3568 
1 3578 
1 3580 
1 3618 
1 3686 
1 3720 
1 3734 
1 4261 
1 4294 
1 4802 
1 6040 
1 6052 
1 6124 
1 6154 
1 6156 
1 6189 
1 6191 
1 6192 
1 6222 
1 6245 
1 6247 
1 6249 
1 6262 
1 6278 
1 6291 
1 6296 
1 6304 
1 6314 
1 6332 
1 6338 
1 6354 
1 6375 
1 6391 
1 6398 
1 6413 
1 6420 
1 6474 
1 6484 
1 6539 
1 6564 
1 6605 
1 6771 
1 6783 
1 7824 
1 7898 
1 9098 
1 9119 
1 9120 
1 9123 
1 9131 
1 9165 
1 9210 
1 9215 
1 9221 
1 9258 
1 9259 
1 9288 
1 9299 
1 9304 
1 9308 
1 9319 
1 9341 
1 9355 
1 9385 
1 9386 
1 9417 
1 9422 
1 9438 
1 9449 
1 9461 
1 9501 
1 9531 
1 9568 
1 9576 
1 9680 
1 9718 
1 9753 
1 10579 
1 11074 
1 11109 
1 11127 
1 11150 
1 11156 
1 11159 
1 11174 
1 11193 
1 11196 
1 11199 
1 11202 
1 11225 
1 11228 
1 11230 
1 11241 
1 11301 
1 11313 
1 11322 
1 11325 
1 11336 
1 11349 
1 11351 
1 11370 
1 11375 
1 11379 
1 11411 
1 11452 
1 11489 
1 11514 
1 11537 
1 11668 
1 11670 
1 11696 
1 11703 
1 12128 
1 12216 
1 12527 
1 13206 
1 13238 
1 13242 
1 13277 
1 13307 
1 13340 
1 13348 
1 13350 
1 13373 
1 13380 
1 13441 
1 13447 
1 13452 
1 13462 
1 13469 
1 13471 
