
state={
	id=38
	name="STATE_38"
	resources={
		steel=40.000
	}

	history={
		victory_points = {
			156 1 
		}
		buildings = {
			infrastructure = 2
			industrial_complex = 1
			air_base = 3
		}

	}

	provinces={
		46 77 113 114 118 125 130 145 156 168 182 184 202 205 3005 3039 3044 3070 3108 3111 3113 3148 3162 3173 3191 6010 6023 6063 6067 6093 6123 6126 6129 6147 6185 6207 9035 9051 9066 9068 9088 9095 9117 9134 9141 9148 9151 9154 9171 9173 9182 9193 9229 11040 11049 11052 11053 11069 11116 11120 11123 11129 11148 11185 11187 11197 11209 13099 13117 
	}
	manpower=931955
	buildings_max_level_factor=1.000
	state_category=town
	local_supplies=0.000
}
